1. Delete all operations in col D

Fulfillment::TreehouseOperation.where(:id => ops).each{|x| x.destroy; print "." }
ops = [1188771,1188760,1188761,1188710,1188692,1188721,1188789,1188788,1188779,1188780,1188791,1188792,1188907,1188906,1188867,1188866,1188902,1189032,1189039,1189053,1189042,1189214,1189213,1188975,1188974,1189212,1189211,1188966,1188967,1189066,1189087,1189218,1189217,1188982,1188983,1189216,1189215,1188980,1188981,1189328,1189323,1189326,1189329,1189220,1189219,1188990,1188991,1189330,1189332,1189331,1189335,1189222,1189221,1189000,1189001,1189333,1189334,1189338,1189236,1189235,1189024,1189025,1189224,1189223,1189010,1189011,1189234,1189233,1189022,1189023,1189336,1189228,1189227,1189014,1189015,1189242,1189241,1189034,1189033,1189230,1189229,1189018,1189019,1189238,1189237,1189026,1189027,1189240,1189239,1189028,1189029,1189341,1189226,1189225,1189012,1189013,1189232,1189231,1189020,1189021,1189246,1189245,1189040,1189041,1189337,1189244,1189243,1189035,1189036,1189250,1189249,1189051,1189052,1189248,1189247,1189043,1189044,1189339,1189347,1189340,1189344,1189343,1189342,1189254,1189253,1189060,1189061,1189256,1189255,1189062,1189063,1189252,1189251,1189059,1189058,1189346,1189258,1189257,1189067,1189068,1189345,1189260,1189259,1189069,1189070,1189262,1189261,1189072,1189071,1189348,1189266,1189265,1189079,1189080,1189264,1189263,1189077,1189078,1189349,1189268,1189267,1189085,1189086,1189270,1189269,1189092,1189093,1189352,1189272,1189271,1189096,1189097,1189350,1189371,1189276,1189275,1189110,1189111,1189274,1189273,1189108,1189109,1189357,1189278,1189277,1189112,1189113,1189355,1189351,1189353,1189358,1189177,1189164,1189280,1189279,1189118,1189119,1189354,1189199,1189202,1189284,1189283,1189130,1189131,1189356,1189282,1189281,1189128,1189129,1189200,1189286,1189285,1189136,1189137,1189198,1189288,1189287,1189138,1189139,1189310,1189309,1189173,1189174,1189201,1189300,1189299,1189158,1189159,1189302,1189301,1189160,1189161,1189294,1189293,1189146,1189147,1189292,1189291,1189148,1189149,1189298,1189297,1189154,1189155,1189204,1189314,1189313,1189182,1189183,1189296,1189295,1189151,1189152,1189290,1189289,1189142,1189143,1189205,1189208,1189304,1189303,1189162,1189163,1189203,1189312,1189311,1189180,1189181,1189322,1189321,1189194,1189195,1189325,1189324,1189196,1189197,1189209,1189318,1189317,1189187,1189186,1189327,1189306,1189305,1189167,1189168,1189320,1189319,1189188,1189189,1189316,1189315,1189184,1189185,1189308,1189307,1189170,1189169,1189206,1189210,1189207,1189375,1189374,1189372,1189373,1189513,1189512,1189407,1189406,1189497,1189496,1189495,1189517,1189516,1189416,1189417,1189501,1189515,1189514,1189410,1189411,1189498,1189499,1189503,1189502,1189505,1189507,1189519,1189518,1189432,1189433,1189521,1189520,1189434,1189435,1189542,1189506,1189509,1189508,1189527,1189526,1189450,1189451,1189537,1189536,1189462,1189463,1189510,1189525,1189524,1189448,1189449,1189533,1189532,1189456,1189457,1189523,1189522,1189446,1189447,1189511,1189535,1189534,1189461,1189460,1189539,1189538,1189464,1189465,1189531,1189530,1189454,1189455,1189529,1189528,1189452,1189453,1189540,1189560,1189561,1189551,1189552,1189553,1189543,1189544,1189546,1189547,1189548,1189549,1189545,1189541,1189477,1189478,1189403,1189380,1189381,1189384,1189385,1189378,1189379,1188091,1188092,1189359,1189360,1189361,1189362,1188962,1188963,1188939,1188940,1188941,1188942,1188943,1188944,1188945,1188950,1188951,1188923,1188925,1188926,1188928,1188929,1188932,1188933,1188934,1188935,1188938,1188920,1188921,1188922,1188863,1188895,1188896,1188897,1188898,1188899,1188900,1188901,1188860,1188861,1188862,1188883,1188884,1188885,1188886,1188887,1188888,1188889,1188892,1188893,1188894,1188864,1188865,1188872,1188873,1188874,1188875,1188880,1188881,1188882,1188845,1188846,1188847,1188848,1188849,1188850,1188844,1188837,1188838,1188839,1188840,1188800,1188801,1188802,1188803,1188804,1188817,1188818,1188819,1188820,1188821,1188822,1188795,1188796,1188799,1188783,1188784,1188785,1188786,1188411,1188414,1188515,1188516,1188518,1188520,1188522,1188524,1188588,1188589,1188590,1188591,1188653,1188654,1188693,1188694,1188695,1188697,1188700,1188705,1188712,1188481,1188494,1188450,1188454,1188455,1188456,1188457,1188458,1188304,1188305,1188306,1188307,1188331,1188377,1188380,1188381,1188382,1188412,1188415,1188274,1188275,1188276,1188277,1188279,1188141,1188150,1188231,1188234,1188235,1188236,1188238,1188239,1188242,1188243,1188248,1188097,1188137,1188139,1188012,1188021,1188042,1188044,1188046,1188048,1188067,1188074,1188007,1188019,1188020,1188773,1188774,1188768,1188769,1188766,1188767,1188756,1188757,1188758,1188759,1188754,1188755,1188750,1188751,1188741,1188742,1188743,1188744,1188745,1188748,1188749,1188740,1188636,1188713,1188736,1188737]

2. Delete all state machines on unique values in col A


Removed:
9959005,9959017

all_ads = [9955765,9958540,9958541,9958560,9958611,9958613,9958615,9958659,9958661,9958718,9958719,9958720,9958721,9958722,9958723,9958724,9958725,9958726,9958727,9958728,9958729,9958730,9958731,9958732,9958739,9958741,9958742,9958743,9958744,9958745,9958746,9958747,9958748,9958749,9958750,9958751,9958753,9958754,9958756,9958757,9958758,9958760,9958761,9958762,9958764,9958766,9958768,9958769,9958770,9958772,9958773,9958774,9958775,9958776,9958777,9958778,9958779,9958780,9958781,9958783,9958786,9958788,9958791,9958792,9958793,9958795,9958796,9958797,9958801,9958802,9958804,9958805,9958806,9958807,9958810,9958811,9958812,9958813,9958814,9958815,9958819,9958822,9958825,9958826,9958827,9958829,9958830,9958831,9958835,9958837,9958838,9958840,9958841,9958844,9958845,9958855,9958857,9958859,9958860,9958861,9958862,9958863,9958865,9958866,9958867,9958868,9958869,9958870,9958871,9958872,9958873,9958875,9958876,9958877,9958878,9958879,9958880,9958881,9958882,9958883,9958885,9958886,9958902,9958932,9958934,9958935,9958936,9958941,9958943,9958946,9958949,9958950,9958952,9958958,9958959,9958962,9958964,9958966,9958968,9958969,9958970,9958974,9958976,9958977,9958978,9958979,9958980,9958981,9958982,9958983,9958984,9958986,9958987,9959001,9958999,9958989,9959000,9958998,9958995,9958990,9958991,9958929,9958910,9958915,9958911,9958019,9958888,9958887,9958717,9958706,9958711,9958709,9958705,9958700,9958708,9958692,9958704,9958710,9958703,9958694,9958660,9958677,9958680,9958676,9958678,9958657,9958669,9958683,9958679,9958686,9958682,9958666,9958658,9958671,9958673,9958649,9958652,9958648,9958640,9958643,9958644,9958619,9958632,9958621,9958631,9958639,9958630,9958622,9958617,9958616,9958330,9958328,9958374,9958377,9958382,9958376,9958380,9958386,9958426,9958441,9958421,9958456,9958512,9958511,9958523,9958534,9958524,9958531,9958539,9958526,9958525,9958357,9958360,9958301,9958269,9958312,9958309,9958270,9958337,9958181,9958172,9958184,9958174,9958191,9958233,9958236,9958202,9958214,9958331,9958340,9958152,9958151,9958156,9958169,9958158,9958045,9958068,9958079,9958095,9958090,9958114,9958132,9958145,9958149,9958148,9958130,9958006,9958043,9958061,9957949,9957950,9957954,9957965,9957955,9957971,9957994,9957996,9957929,9957942,9957927,9958603,9958599,9958600,9958597,9958596,9958593,9958589,9958583,9958584,9958586,9958587,9958491,9958544,9958582]

Removed:
1188787,1188772,1189500,1189504
new_ops = [1187996,1187997,1187994,1187995,1187985,1187986,1188008,1188009,1188010,1188011,1188022,1188023,1188032,1188033,1188028,1188029,1188038,1188039,1188061,1188062,1188068,1188069,1188079,1188080,1188115,1188116,1188135,1188136,1188131,1188132,1188144,1188145,1188169,1188170,1188177,1188178,1188173,1188174,1188185,1188186,1188218,1188219,1188246,1188247,1188203,1188204,1188208,1188209,1188229,1188230,1188222,1188223,1188252,1188253,1188250,1188251,1188258,1188259,1188272,1188273,1188264,1188265,1188294,1188295,1188290,1188291,1188284,1188285,1188286,1188287,1188312,1188313,1188327,1188328,1188334,1188335,1188362,1188363,1188370,1188371,1188438,1188439,1188432,1188433,1188419,1188420,1188428,1188429,1188426,1188427,1188403,1188404,1188395,1188396,1188393,1188394,1188397,1188398,1188405,1188406,1188465,1188466,1188467,1188468,1188475,1188476,1188479,1188480,1188477,1188478,1188492,1188493,1188490,1188491,1188488,1188489,1188532,1188533,1188540,1188541,1188546,1188547,1188578,1188579,1188614,1188615,1188649,1188650,1188641,1188642,1188666,1188667,1188670,1188671,1188674,1188675,1188684,1188685,1188678,1188679,1188668,1188669,1188680,1188681,1188690,1188691,1188688,1188689,1188708,1188709,1188719,1188720,1188777,1188778,1188790,1188781,1188782,1188831,1188832,1188876,1188877,1188964,1188965,1188968,1188969,1188972,1188973,1188970,1188971,1188976,1188977,1188978,1188979,1188986,1188987,1188984,1188985,1188988,1188989,1188992,1188993,1188994,1188995,1188996,1188997,1188998,1188999,1189002,1189003,1189004,1189005,1189006,1189007,1189008,1189009,1189016,1189017,1189030,1189031,1189037,1189038,1189045,1189046,1189049,1189050,1189047,1189048,1189054,1189055,1189064,1189065,1189056,1189057,1189075,1189076,1189073,1189074,1189081,1189082,1189083,1189084,1189090,1189091,1189094,1189095,1189088,1189089,1189098,1189099,1189106,1189107,1189100,1189101,1189102,1189103,1189104,1189105,1189122,1189123,1189120,1189121,1189114,1189115,1189126,1189127,1189140,1189141,1189116,1189117,1189132,1189133,1189124,1189125,1189134,1189135,1189150,1189153,1189156,1189157,1189178,1189179,1189144,1189145,1189190,1189191,1189165,1189166,1189171,1189172,1189192,1189193,1189175,1189176,1189400,1189401,1189414,1189415,1189412,1189413,1189408,1189409,1189421,1189423,1189418,1189419,1189420,1189422,1189426,1189427,1189424,1189425,1189428,1189429,1189430,1189431,1189438,1189439,1189436,1189437,1189440,1189441,1189442,1189443,1189444,1189445,1189458,1189459,1189466,1189467,1189468,1189469,1189474,1189475,1189479,1189480,1189487,1189488,1189481,1189482,1189483,1189484]


Wowie Zowie:
Fulfillment::TreehouseOperation.where(:id => new_ops).each{|x| RecordChangeSet.find_by(fulfillment_operation_id: x.id).destroy }


State Machines on all_ads:
[9955765, 9958540, 9958541, 9958560, 9958611, 9958613, 9958615, 9958659, 9958661, 9958718, 9958719, 9958720, 9958721, 9958722, 9958723, 9958724, 9958725, 9958726, 9958727, 9958728, 9958729, 9958730, 9958731, 9958732, 9958739, 9958741, 9958742, 9958743, 9958744, 9958745, 9958746, 9958747, 9958748, 9958749, 9958750, 9958751, 9958753, 9958754, 9958756, 9958757, 9958758, 9958760, 9958761, 9958762, 9958764, 9958766, 9958768, 9958769, 9958770, 9958772, 9958773, 9958774, 9958775, 9958776, 9958777, 9958778, 9958779, 9958780, 9958781, 9958783, 9958786, 9958788, 9958791, 9958792, 9958793, 9958795, 9958796, 9958797, 9958801, 9958802, 9958804, 9958805, 9958806, 9958807, 9958810, 9958811, 9958812, 9958813, 9958814, 9958815, 9958819, 9958822, 9958825, 9958826, 9958827, 9958829, 9958830, 9958831, 9958835, 9958837, 9958838, 9958840, 9958841, 9958844, 9958845, 9958855, 9958857, 9958859, 9958860, 9958861, 9958862, 9958863, 9958865, 9958866, 9958867, 9958868, 9958869, 9958870, 9958871, 9958872, 9958873, 9958875, 9958876, 9958877, 9958878, 9958879, 9958880, 9958881, 9958882, 9958883, 9958885, 9958886, 9958902, 9958932, 9958934, 9958935, 9958936, 9958941, 9958943, 9958946, 9958949, 9958950, 9958952, 9958958, 9958959, 9958962, 9958964, 9958966, 9958968, 9958969, 9958970, 9958974, 9958976, 9958977, 9958978, 9958979, 9958980, 9958981, 9958982, 9958983, 9958984, 9958986, 9958987, 9959001, 9958999, 9958989, 9959000, 9958998, 9958995, 9958990, 9958991, 9958929, 9958910, 9958915, 9958911, 9958019, 9958888, 9958887, 9958717, 9958706, 9958711, 9958709, 9958705, 9958700, 9958708, 9958692, 9958704, 9958710, 9958703, 9958694, 9958660, 9958677, 9958680, 9958676, 9958678, 9958657, 9958669, 9958683, 9958679, 9958686, 9958682, 9958666, 9958658, 9958671, 9958673, 9958649, 9958652, 9958648, 9958640, 9958643, 9958644, 9958619, 9958632, 9958621, 9958631, 9958639, 9958630, 9958622, 9958617, 9958616, 9958330, 9958328, 9958374, 9958377, 9958382, 9958376, 9958380, 9958386, 9958426, 9958441, 9958421, 9958456, 9958512, 9958511, 9958523, 9958534, 9958524, 9958531, 9958539, 9958526, 9958525, 9958357, 9958360, 9958301, 9958269, 9958312, 9958309, 9958270, 9958337, 9958181, 9958172, 9958184, 9958174, 9958191, 9958233, 9958236, 9958202, 9958214, 9958331, 9958340, 9958152, 9958151, 9958156, 9958169, 9958158, 9958045, 9958068, 9958079, 9958095, 9958090, 9958114, 9958132, 9958145, 9958149, 9958148, 9958130, 9958006, 9958043, 9958061, 9957949, 9957950, 9957954, 9957965, 9957955, 9957971, 9957994, 9957996, 9957929, 9957942, 9957927, 9958603, 9958599, 9958600, 9958597, 9958596, 9958593, 9958589, 9958583, 9958584, 9958586, 9958587, 9958491, 9958544, 9958582]
  
sms = [400470,400471,400472,400473,400475,400474,400476,400477,400481,400487,400478,400480,400485,400479,400484,400486,400488,400483,400482,400489,400490,400494,400493,400495,400499,400496,400497]
Fulfillment::StateMachine.where(:id => sms).each{|x| x.destroy }

3. Enqueue all Directory Ads
4. Enqueue all Origami Ads

